20
36
0 0 1 0 55562
0 0 1 1 41356
0 1 1 0 39153
0 1 1 1 24947
1 0 2 0 47846
1 0 2 1 40405
1 1 2 0 47846
1 1 2 1 40405
2 0 3 0 9506
2 0 3 1 8154
2 1 3 0 9506
2 1 3 1 8154
3 0 4 0 54206
3 0 4 1 22710
3 1 4 0 54206
3 1 4 1 22710
4 0 5 0 8918
4 0 5 1 25670
4 1 5 0 8918
4 1 5 1 25670
5 0 6 0 33926
5 0 6 1 9742
5 1 6 0 33926
5 1 6 1 9742
6 0 7 0 21746
6 0 7 1 14666
6 1 7 0 21746
6 1 7 1 14666
7 0 8 0 28514
7 0 8 1 11606
7 1 8 0 28514
7 1 8 1 11606
8 0 9 0 18072
8 0 9 1 34294
8 1 9 0 18072
8 1 9 1 34294
